21820
16097
10185
7845
26170
9975
10797
12766
8279
21961
18385
14135
18362
11607
14191
4776
17521
9478
16679
10266
2389
14245
10709
7375
14467
17054
8938
24887
19932
10190
28961
2029
11196
18186
7773
29675
19147
25625
11961
18155
11931
21725
16562
10914
6649
27081
11601
19501
24977
3968
22871
5376
29359
29127
14899
28631
22364
22978
10848
26964
3367
19197
18174
7709
29465
28485
19546
14112
7907
26750
9533
2666
4367
15653
29006
12727
18380
13643
17026
29063
2856
19051
11061
29394
17022
17208
23172
15873
29384
13769
12447
24070
15230
26455
26270
14236
12638
15600
29828
24065
11613
9909
11615
18944
24355
9459
5393
29444
21865
15681
2556
28220
4526
16825
12723
15672
29271
16988
5870
17410
9052
22935
11951
11120
11407
12384
12674
11161
3343
15091
29308
26935
7394
15499
24217
10972
21128
23039
7571
29403
28890
17065
18981
28221
21695
14009
21895
8651
12868
11593
15520
4992
17179
16618
13516
17931
25842
29273
20530
25651
12165
7930
13390
9509
5006
19937
28837
14044
9561
0049
16808
6654
26692
23718
17823
20426
28668
14279
12037
9704
14653
17313
12506
21998
11189
27176
10976
28725
10668
28821
10724
13020
29356
17277
15734
20531
23466
17021
27232
5626
18621
10682
8197
29629
20758
18065
23401
18521
10443
18090
12427
8830
11316
23737
8829
23140
29565
8319
7869
5358
12371
12178
15553
8656
12799
9721
16202
16083
26879
23226
26335
14196
17020
18484
20053
12262
10042
9788
19672
18885
19345
17742
17930
24947
20359
8573
9973
6035
26409
7884
7033
22646
21743
7502
4348
17023
10110
24973
20084
12391
28539
14662
9335
29423
20631
18551
28882
8048
5641
13285
11153
17614
6495
25077
21545
6239
26169
23339
23576
19127
26688
12969
28877
17618
29140
25047
12855
18848
17055
3257
18471
9932
10152
21805
11186
23191
10970
11185
12442
14949
9288
13412
21934
11214
16529
25413
13710
29234
7913
6833
29386
17204
16077
10908
10751
16486
21872
23674
11090
14678
19198
23024
5627
7208
27334
26965
7236
26462
29326
11557
12106
25254
9234
12810
8930
25639
20165
24219
12253
15604
19826
7912
23163
5794
18725
29061
11568
17064
28733
10537
13297
23246
28866
12048
5306
16817
12853
15984
20855
10906
13758
29730
3515
15652
25883
11233
26644
11723
18285
20218
12239
19370
16930
11981
19337
23530
18429
9059
10718
14285
12809
29619
26837
11247
28683
20300
26744
18608
14776
11668
5963
15880
15606
24556
3193
23451
15688
9740
27366
25624
10360
12991
17622
21124
4101
3092
17947
28489
11421
15673
10911
23657
12128
22209
8393
12761
17472
7983
11754
19532
9183
20790
18185
14854
28960
10229
12542
18955
28906
16506
12055
27988
19135
8565
12209
18629
12089
13010
11979
14006
7893
14568
20635
26443
28965
22821
26481
15275
22893
17126
3087
29420
12238
25667
29397
10859
15364
28381
15924
9321
18402
22123
7899
10977
5423
19488
5418
10494
21483
18189
9443
23547
10606
16325
22452
5873
17354
8306
10061
17949
11927
29083
18033
5710
0074
11320
29282
14668
22200
25835
11945
25111
24779
8926
9469
11812
24487
3675
18662
19479
1730
13660
21453
17034
27868
23745
29229
15286
29808
14791
5152
18043
16239
25406
5168
16409
16299
11471
29187
23300
20883
15032
24713
25038
17812
22140
27080
9744
5928
12202
11669
15683
22197
16459
22192
7245
29002
21673
15235
5644
23113
28466
14799
20429
8584
5425
12443
9633
12701
18783
13092
26009
13478
20168
24318
16844
2107
23928
18989
18373
9562
22771
6250
16585
8467
23302
9752
28898
17948
29447
20532
9693
27086
15277
11943
23608
28734
9567
22207
10287
25874
15265
17995
23487
23192
5090
18084
5010
18405
16799
14380
5450
17078
9843
12971
11146
20316
0984
9268
17084
9781
12011
3903
13217
13903
10722
13682
21917
24602
17060
5107
8235
17444
5079
5581
20917
6721
7804
17527
15691
15488
13044
11934
19874
16117
8603
7963
10363
14227
16451
19502
17708
10338
25330
12182
4782
26081
22199
12547
28707
8967
24647
11354
26154
4295
22268
10171
8164
21834
23018
12709
15164
25886
17473
9955
20616
17231
20564
17819
24953
25680
10104
15267
19046
28923
20788
20712
9937
17243
29293
14663
24157
12603
29549
26838
1576
19313
19587
11959
9611
29625
29633
29120
27221
18689
16095
15200
8469
11851
17297
15257
10091
5301
19540
9475
13847
20288
23676
12730
29731
16985
12675
5380
10847
5622
13890
14724
13988
12926
26844
18986
21392
13249
17353
21183
8500
17424
20266
9676
12848
7538
24354
21192
18094
12806
16146
7421
5702
11173
19246
20264
22134
16909
29539
12222
0057
24711
29302
13701
10247
18379
14777
18509
0150
5311
9405
10054
29374
19798
22599
10904
14311
7791
21868
25780
29411
18720
10698
3793
24248
2145
5367
25870
14798
17672
13773
18103
19452
14254
17029
13677
6678
11855
12187
23117
28593
20301
14636
5964
25678
29484
29788
23391
5383
11790
12765
13947
14767
13494
16563
15948
14810
7937
25274
10475
5778
9484
20313
24759
21565
21158
11625
11382
16121
14533
13146
26156
19812
15183
9966
22367
22625
2253
11989
20212
29132
16079
24782
18330
7188
16954
24881
20467
17047
23104
28723
11827
5578
11816
10800
24303
4365
5414
17950
14760
13012
5338
9000
25395
10846
11763
29357
12237
22598
15689
12695
11693
5972
23748
12406
18875
22139
26683
20693
19052
21672
7078
10704
23901
18960
21195
12173
29292
9126
19176
4264
29119
9816
9342
2396
28372
11058
18241
22670
13229
29318
26610
14887
8927
29621
9557
24153
28796
15893
15276
29376
11761
15921
9632
12179
28852
22807
13047
12117
11119
16218
12641
17997
27987
14108
14722
27832
19943
23167
24885
27621
20092
10613
28973
10471
9636
19973
28730
5562
25971
1841
25043
18935
26420
15886
8977
9813
19704
26731
16768
17076
26379
12224
16891
5164
29283
18610
29417
8440
15974
7962
25491
8583
26382
12992
21078
28671
20687
9891
12687
5179
17966
12683
11502
10291
18184
17633
11856
25663
7891
5396
10533
5012
11920
29825
24974
29446
9002
22164
13518
28993
17779
13812
19207
17215
29141
24758
12332
27512
6751
18938
21930
12227
20370
22202
21982
11973
10729
28738
11028
11703
15092
18788
26375
19210
15042
16604
14710
29416
7435
11963
10706
14484
9735
18536
