14368
16122
16321
14107
28997
10094
17576
15719
26381
18722
9811
13927
17715
24155
22156
13320
5262
21568
5088
18179
11474
8832
13650
22456
27520
21796
15279
29435
12873
25396
14182
8604
14689
20988
9821
18980
29027
29274
13287
10981
14989
10987
11353
10580
23360
7410
19456
13227
29366
15900
7717
4389
11053
10446
17175
11800
5754
7085
11640
14740
16378
10038
7050
10209
29280
4471
8276
4978
24234
29007
15686
10211
11347
24888
10558
29786
16828
3385
11172
14518
28664
29066
8737
26915
20289
20347
12368
8123
22195
6875
17765
2618
19600
16582
8648
10954
5619
29505
29112
28971
10601
10583
9228
13527
23841
15684
16324
18453
14290
10016
11605
11629
6500
11798
18159
11182
19526
29023
28667
3416
15467
10514
24218
16143
6385
7282
15458
14293
1754
15451
23670
16212
8736
12864
20630
10529
14187
14729
11609
28549
12605
25779
10862
12294
15954
10424
16494
20471
10057
15956
17140
9322
17351
19220
13194
6169
25270
16237
28885
13465
14808
10626
13041
6170
21443
0050
19666
14422
17059
10518
28907
28559
23878
19119
15243
8398
15964
29082
5682
10744
22497
9953
11565
21090
24201
6027
15958
19226
23627
20529
14336
16466
13295
29332
17740
2230
25001
5649
21649
15868
28729
15448
5007
9954
5063
6964
17330
20318
17389
29233
16348
28706
10027
11603
15435
29121
14094
10638
15449
11491
20399
10481
2693
15985
7082
10849
17154
22211
13691
22577
20670
29378
11080
12136
6014
10175
5221
16071
13116
9369
19435
19774
9709
15341
17395
16413
7424
11187
24295
15228
13743
11458
20629
5583
29576
20292
22995
29327
9671
18626
17069
18176
14695
13522
21963
12916
19159
19817
10246
18398
10975
15771
5389
14727
17822
2450
9381
1989
16006
29622
10451
9457
28980
13566
13845
23776
10732
22920
10279
10159
10713
9364
5108
10953
23616
16741
8147
25054
6359
2269
16139
18738
12350
14309
5378
18636
10154
14665
8842
13611
12349
13681
12767
13924
5045
11933
11890
18657
12901
12445
29525
16661
10251
8338
12166
9610
15824
11657
29443
25272
23453
28835
11209
2287
17604
8043
15729
10565
23275
29590
13008
6923
19728
7946
24113
18975
6534
18834
12786
11236
5312
29741
5713
27889
22619
3006
18134
13091
23531
29252
4122
18934
19179
10189
24319
12079
8025
11528
16002
5054
4111
25826
8825
10073
11591
15065
19856
11154
10658
12735
26417
15670
11051
25335
22550
16214
22315
2895
29364
9839
12145
29059
15952
16376
15668
29372
10532
3954
10359
10331
8841
28311
12458
6957
6370
7281
22517
11059
18740
7984
10077
8821
29319
23611
23253
22928
14952
15970
19221
19037
29013
10534
17082
14711
13419
20319
8597
11052
27332
22600
11017
22516
10188
7400
15422
17990
10691
15569
4876
4967
18974
12256
10143
12968
18801
10690
10132
7392
18543
13900
14600
1941
12014
11193
6895
17986
12083
10036
18271
14395
8974
13401
13133
9391
24444
3977
18450
15248
29740
7110
5016
25163
29737
24576
10390
5416
23111
12839
22284
11110
13853
7846
5126
2068
20728
5524
1250
18177
12587
26360
8273
10421
15838
15953
19162
29118
21785
8132
4659
16807
17694
11175
10492
15965
2673
5792
17872
12591
23115
29181
10343
10217
14324
10368
11636
12167
10814
14224
12620
29000
27134
8569
29538
6647
5046
12146
10779
21103
8451
29592
18467
23231
24215
7897
23110
10306
27523
7398
25050
10364
11664
16009
21740
9390
24513
25253
6965
20469
20260
26269
9867
28942
10022
4136
18063
9960
7368
10066
12251
21119
9530
5788
10844
9659
17881
13250
18198
29691
28832
12843
28742
7439
10842
5806
23923
19290
5618
15694
7216
11345
12747
19944
8300
6836
11162
10267
13846
22464
17083
18431
21120
16133
20488
5947
22934
16302
10308
12119
15571
12690
15969
11039
16831
19601
21108
11739
12649
15544
16908
12064
19381
11507
11084
9946
13019
6463
26746
13151
10801
17302
21692
4968
7751
18612
16856
10221
22431
7543
29800
11665
10373
28944
5866
10982
19350
11418
14394
7540
12160
21386
28807
10144
16113
10837
29611
16969
28842
15650
29867
12635
29627
10934
21593
11136
29370
18985
9929
7453
14064
20112
12886
25436
9168
12245
13507
18819
13683
6021
8250
14482
23877
16380
6079
22849
21893
27325
12721
10122
12090
14774
29155
13655
29805
18371
17661
20929
15094
29114
21113
24266
3967
25240
11425
29719
24353
9312
5043
10681
16014
14528
11472
28654
13632
21588
21467
29540
14111
5461
22941
17563
8837
12829
26980
14611
6552
13400
26649
27751
12801
29439
22488
18331
15828
15356
21100
12318
11500
29349
8831
5297
29243
29715
26071
10825
22138
4230
18246
10367
12009
11434
9799
18658
10379
12972
18817
26635
20404
16345
7574
26486
0042
10654
22496
21947
10116
13972
24714
1198
13837
19831
12162
11767
3541
23778
16615
8916
22479
8581
25616
18921
20315
17924
18510
25649
16336
11473
10362
6522
6997
21193
15792
7308
10822
29572
11576
15888
10420
10123
7479
20137
16307
23779
13142
15918
7428
9749
12370
29284
7890
16556
10493
22540
10466
8207
11684
10926
29507
8838
10160
12857
19091
13115
21822
9629
22571
12440
12931
6621
17906
21150
24352
12672
13951
9803
20661
13254
23130
24435
15570
10052
29377
19583
24606
1381
18628
22892
10001
13394
15013
11505
18168
5137
21821
14340
4041
4719
10220
18791
10406
19219
14730
18329
2695
8785
14425
6559
19259
7436
14252
7367
20643
14991
22636
10802
29224
13959
29198
15782
19325
28795
14661
28892
24430
17731
11834
24049
27788
29856
25219
11449
24265
2953
13711
12270
18963
24970
23102
13106
11751
9220
11101
8267
14083
14401
29837
11948
14062
27052
24945
16452
3421
11131
18645
18502
29497
23922
11962
21022
2915
5009
3832
6653
10875
13987
6778
15537
10080
24728
9201
11021
22637
4938
11620
13537
10047
25228
24716
29809
9692
13331
11055
24095
2877
28887
10821
12295
9020
28017
5674
11155
21172
13521
28665
18458
7223
17705
21732
28083
18180
10530
2053
29328
10103
11592
10147
14903
22792
10180
22447
13156
12773
10874
29692
12095
16629
25882
14909
21020
20172
15638
29647
20049
16858
22240
17257
12462
18452
23640
7630
13475
8969
25773
9974
17989
22246
9328
5793
15253
18643
21118
21430
19027
29325
10425
10026
29722
12289
3108
15007
10678
